76
12 0
0 12
1 2
3 4
0 0 1 2 -2 1 -1 -1 3 4 4 3 -5 4 6 5 7 7 7 -7 -7 -7 -7 7 9 0 -9 0 0 9 0 -9 -8 0 8 0 -7 0 7 0 -6 0 6 0 -5 0 5 0 -4 0 4 0 -3 0 3 0 -2 0 2 0 -1 0 1 0 0 -8 0 8 0 -7 0 7 0 -6 0 6 0 -5 0 5 0 -4 0 4 0 -3 0 3 0 -2 0 2 0 -1 0 1 1 1 2 2 3 3 4 4 5 5 6 6 1 -1 2 -2 3 -3 4 -4 5 -5 6 -6 -1 1 -2 2 -3 3 -4 4 -5 5 -6 6 -1 -1 -2 -2 -3 -3 -4 -4 -5 -5 -6 -6



8
0 3
1 1
2 2
4 4
0 0
1 2 
3 1 
3 3

output : (3, 1) (0, 0) (0, 3) (4, 4) 

4
12 32
45 98
65 12
10 30

The points in the Convex hull using Quick Hull are: 
(10, 30)
(45, 98)
(65, 12)

72
0 0 1 2 -2 1 -1 -1 3 4 4 3 -5 4 6 5 7 7 7 -7 -7 -7 -7 7 9 0 -9 0 0 9 0 -9 -8 0 8 0 -7 0 7 0 -6 0 6 0 -5 0 5 0 -4 0 4 0 -3 0 3 0 -2 0 2 0 -1 0 1 0 0 -8 0 8 0 -7 0 7 0 -6 0 6 0 -5 0 5 0 -4 0 4 0 -3 0 3 0 -2 0 2 0 -1 0 1 1 1 2 2 3 3 4 4 5 5 6 6 1 -1 2 -2 3 -3 4 -4 5 -5 6 -6 -1 1 -2 2 -3 3 -4 4 -5 5 -6 6 -1 -1 -2 -2 -3 -3 -4 -4 -5 -5 -6 -6




